                 age         sex          cp    trestbps        chol
age       1.00000000  0.04013501  0.19043423  0.24734252 -0.07139191
sex       0.04013501  1.00000000  0.16081260  0.01754740 -0.17804228
cp        0.19043423  0.16081260  1.00000000  0.02197548 -0.07592894
trestbps  0.24734252  0.01754740  0.02197548  1.00000000  0.06410291
chol     -0.07139191 -0.17804228 -0.07592894  0.06410291  1.00000000
fbs       0.22162138  0.07575863  0.01275136  0.14763192  0.03662188
restecg   0.20639095 -0.02138613  0.05094178  0.06837272  0.08643970
thalach  -0.36895303 -0.17341628 -0.35564428 -0.11877387  0.19819530
exang     0.23726947  0.20464501  0.43430919  0.18251305 -0.06214659
oldpeak   0.24953164  0.11323773  0.24103121  0.18546162  0.05980302
num       0.27829623  0.26020650  0.39818386  0.19109744 -0.08450473
                 fbs     restecg     thalach       exang     oldpeak
age       0.22162138  0.20639095 -0.36895303  0.23726947  0.24953164
sex       0.07575863 -0.02138613 -0.17341628  0.20464501  0.11323773
cp        0.01275136  0.05094178 -0.35564428  0.43430919  0.24103121
trestbps  0.14763192  0.06837272 -0.11877387  0.18251305  0.18546162
chol      0.03662188  0.08643970  0.19819530 -0.06214659  0.05980302
fbs       1.00000000  0.09991019 -0.04765425  0.04438154  0.04279935
restecg   0.09991019  1.00000000  0.05346434  0.03965127  0.10585235
thalach  -0.04765425  0.05346434  1.00000000 -0.38887336 -0.18117607
exang     0.04438154  0.03965127 -0.38887336  1.00000000  0.41549843
oldpeak   0.04279935  0.10585235 -0.18117607  0.41549843  1.00000000
num       0.10921234  0.09396999 -0.38752927  0.47852707  0.48149175
                 num
age       0.27829623
sex       0.26020650
cp        0.39818386
trestbps  0.19109744
chol     -0.08450473
fbs       0.10921234
restecg   0.09396999
thalach  -0.38752927
exang     0.47852707
oldpeak   0.48149175
num       1.00000000
